# Sample Attack Traffic (SYN Flood from 192.168.1.150 to 192.168.1.200:80)
# Packet 1: SYN
0000  00 00 00 00 00 04 00 00 00 00 00 03 08 00 45 00
0010  00 3c 10 01 00 00 40 06 6c 7b c0 a8 01 96 c0 a8
0020  01 c8 d2 c0 00 50 00 00 00 00 00 00 00 00 a0 02
0030  fa f0 11 11 00 00 02 04 05 b4 04 02 08 0a 00 00
0040  00 00 00 00 00 00 01 03 03 07

# Packet 2: SYN (different source port)
0000  00 00 00 00 00 04 00 00 00 00 00 03 08 00 45 00
0010  00 3c 10 02 00 00 40 06 6c 7a c0 a8 01 96 c0 a8
0020  01 c8 d2 c1 00 50 00 00 00 00 00 00 00 00 a0 02
0030  fa f0 11 12 00 00 02 04 05 b4 04 02 08 0a 00 00
0040  00 00 00 00 00 00 01 03 03 07

# Packet 3: SYN (different source port)
0000  00 00 00 00 00 04 00 00 00 00 00 03 08 00 45 00
0010  00 3c 10 03 00 00 40 06 6c 79 c0 a8 01 96 c0 a8
0020  01 c8 d2 c2 00 50 00 00 00 00 00 00 00 00 a0 02
0030  fa f0 11 13 00 00 02 04 05 b4 04 02 08 0a 00 00
0040  00 00 00 00 00 00 01 03 03 07

# Packet 4: SYN (different source port)
0000  00 00 00 00 00 04 00 00 00 00 00 03 08 00 45 00
0010  00 3c 10 04 00 00 40 06 6c 78 c0 a8 01 96 c0 a8
0020  01 c8 d2 c3 00 50 00 00 00 00 00 00 00 00 a0 02
0030  fa f0 11 14 00 00 02 04 05 b4 04 02 08 0a 00 00
0040  00 00 00 00 00 00 01 03 03 07

# Packet 5: SYN (different source port)
0000  00 00 00 00 00 04 00 00 00 00 00 03 08 00 45 00
0010  00 3c 10 05 00 00 40 06 6c 77 c0 a8 01 96 c0 a8
0020  01 c8 d2 c4 00 50 00 00 00 00 00 00 00 00 a0 02
0030  fa f0 11 15 00 00 02 04 05 b4 04 02 08 0a 00 00
0040  00 00 00 00 00 00 01 03 03 07

